3643	1014
3642	1015
3643	1015
3644	1015
3645	1015
3641	1016
3642	1016
3643	1016
3644	1016
3645	1016
3646	1016
3640	1017
3641	1017
3642	1017
3643	1017
3644	1017
3645	1017
3646	1017
3647	1017
3648	1017
3554	1018
3555	1018
3639	1018
3640	1018
3641	1018
3642	1018
3643	1018
3644	1018
3645	1018
3646	1018
3647	1018
3648	1018
3649	1018
3551	1019
3552	1019
3553	1019
3554	1019
3555	1019
3556	1019
3557	1019
3558	1019
3638	1019
3639	1019
3640	1019
3641	1019
3642	1019
3643	1019
3644	1019
3645	1019
3646	1019
3647	1019
3648	1019
3649	1019
3650	1019
3651	1019
3549	1020
3550	1020
3551	1020
3552	1020
3553	1020
3554	1020
3555	1020
3556	1020
3557	1020
3558	1020
3559	1020
3560	1020
3561	1020
3615	1020
3616	1020
3617	1020
3618	1020
3619	1020
3620	1020
3621	1020
3622	1020
3637	1020
3638	1020
3639	1020
3640	1020
3641	1020
3642	1020
3643	1020
3644	1020
3645	1020
3646	1020
3647	1020
3648	1020
3649	1020
3650	1020
3651	1020
3652	1020
3546	1021
3547	1021
3548	1021
3549	1021
3550	1021
3551	1021
3552	1021
3553	1021
3554	1021
3555	1021
3556	1021
3557	1021
3558	1021
3559	1021
3560	1021
3561	1021
3562	1021
3563	1021
3564	1021
3565	1021
3610	1021
3611	1021
3612	1021
3613	1021
3614	1021
3615	1021
3616	1021
3617	1021
3618	1021
3619	1021
3620	1021
3621	1021
3622	1021
3623	1021
3624	1021
3625	1021
3626	1021
3627	1021
3628	1021
3629	1021
3630	1021
3631	1021
3632	1021
3636	1021
3637	1021
3638	1021
3639	1021
3640	1021
3641	1021
3642	1021
3643	1021
3644	1021
3645	1021
3646	1021
3647	1021
3648	1021
3649	1021
3650	1021
3651	1021
3652	1021
3653	1021
3544	1022
3545	1022
3546	1022
3547	1022
3548	1022
3549	1022
3550	1022
3551	1022
3552	1022
3553	1022
3554	1022
3555	1022
3556	1022
3557	1022
3558	1022
3559	1022
3560	1022
3561	1022
3562	1022
3563	1022
3564	1022
3565	1022
3566	1022
3567	1022
3568	1022
3605	1022
3606	1022
3607	1022
3608	1022
3609	1022
3610	1022
3611	1022
3612	1022
3613	1022
3614	1022
3615	1022
3616	1022
3617	1022
3618	1022
3619	1022
3620	1022
3621	1022
3622	1022
3623	1022
3624	1022
3625	1022
3626	1022
3627	1022
3628	1022
3629	1022
3630	1022
3631	1022
3632	1022
3633	1022
3634	1022
3635	1022
3636	1022
3637	1022
3638	1022
3639	1022
3640	1022
3641	1022
3642	1022
3643	1022
3644	1022
3645	1022
3646	1022
3647	1022
3648	1022
3649	1022
3650	1022
3651	1022
3652	1022
3653	1022
3654	1022
3655	1022
3541	1023
3542	1023
3543	1023
3544	1023
3545	1023
3546	1023
3547	1023
3548	1023
3549	1023
3550	1023
3551	1023
3552	1023
3553	1023
3554	1023
3555	1023
3556	1023
3557	1023
3558	1023
3559	1023
3560	1023
3561	1023
3562	1023
3563	1023
3564	1023
3565	1023
3566	1023
3567	1023
3568	1023
3569	1023
3570	1023
3571	1023
3599	1023
3600	1023
3601	1023
3602	1023
3603	1023
3604	1023
3605	1023
3606	1023
3607	1023
3608	1023
3609	1023
3610	1023
3611	1023
3612	1023
3613	1023
3614	1023
3615	1023
3616	1023
3617	1023
3618	1023
3619	1023
3620	1023
3621	1023
3622	1023
3623	1023
3624	1023
3625	1023
3626	1023
3627	1023
3628	1023
3629	1023
3630	1023
3631	1023
3632	1023
3633	1023
3634	1023
3635	1023
3636	1023
3637	1023
3638	1023
3639	1023
3640	1023
3641	1023
3642	1023
3643	1023
3644	1023
3645	1023
3646	1023
3647	1023
3648	1023
3649	1023
3650	1023
3651	1023
3652	1023
3653	1023
3654	1023
3655	1023
3656	1023
3540	1024
3541	1024
3542	1024
3543	1024
3544	1024
3545	1024
3546	1024
3547	1024
3548	1024
3549	1024
3550	1024
3551	1024
3552	1024
3553	1024
3554	1024
3555	1024
3556	1024
3557	1024
3558	1024
3559	1024
3560	1024
3561	1024
3562	1024
3563	1024
3564	1024
3565	1024
3566	1024
3567	1024
3568	1024
3569	1024
3570	1024
3571	1024
3572	1024
3573	1024
3574	1024
3575	1024
3594	1024
3595	1024
3596	1024
3597	1024
3598	1024
3599	1024
3600	1024
3601	1024
3602	1024
3603	1024
3604	1024
3605	1024
3606	1024
3607	1024
3608	1024
3609	1024
3610	1024
3611	1024
3612	1024
3613	1024
3614	1024
3615	1024
3616	1024
3617	1024
3618	1024
3619	1024
3620	1024
3621	1024
3622	1024
3623	1024
3624	1024
3625	1024
3626	1024
3627	1024
3628	1024
3629	1024
3630	1024
3631	1024
3632	1024
3633	1024
3634	1024
3635	1024
3636	1024
3637	1024
3638	1024
3639	1024
3640	1024
3641	1024
3642	1024
3643	1024
3644	1024
3645	1024
3646	1024
3647	1024
3648	1024
3649	1024
3650	1024
3651	1024
3652	1024
3653	1024
3654	1024
3655	1024
3656	1024
3657	1024
3658	1024
3659	1024
3660	1024
3661	1024
3662	1024
3663	1024
3664	1024
3665	1024
3666	1024
3667	1024
3668	1024
3669	1024
3670	1024
3671	1024
3672	1024
3540	1025
3541	1025
3542	1025
3543	1025
3544	1025
3545	1025
3546	1025
3547	1025
3548	1025
3549	1025
3550	1025
3551	1025
3552	1025
3553	1025
3554	1025
3555	1025
3556	1025
3557	1025
3558	1025
3559	1025
3560	1025
3561	1025
3562	1025
3563	1025
3564	1025
3565	1025
3566	1025
3567	1025
3568	1025
3569	1025
3570	1025
3571	1025
3572	1025
3573	1025
3574	1025
3575	1025
3576	1025
3577	1025
3578	1025
3589	1025
3590	1025
3591	1025
3592	1025
3593	1025
3594	1025
3595	1025
3596	1025
3597	1025
3598	1025
3599	1025
3600	1025
3601	1025
3602	1025
3603	1025
3604	1025
3605	1025
3606	1025
3607	1025
3608	1025
3609	1025
3610	1025
3611	1025
3612	1025
3613	1025
3614	1025
3615	1025
3616	1025
3617	1025
3618	1025
3619	1025
3620	1025
3621	1025
3622	1025
3623	1025
3624	1025
3625	1025
3626	1025
3627	1025
3628	1025
3629	1025
3630	1025
3631	1025
3632	1025
3633	1025
3634	1025
3635	1025
3636	1025
3637	1025
3638	1025
3639	1025
3640	1025
3641	1025
3642	1025
3643	1025
3644	1025
3645	1025
3646	1025
3647	1025
3648	1025
3649	1025
3650	1025
3651	1025
3652	1025
3653	1025
3654	1025
3655	1025
3656	1025
3657	1025
3658	1025
3659	1025
3660	1025
3661	1025
3662	1025
3663	1025
3664	1025
3665	1025
3666	1025
3667	1025
3668	1025
3669	1025
3670	1025
3671	1025
3672	1025
3540	1026
3541	1026
3542	1026
3543	1026
3544	1026
3545	1026
3546	1026
3547	1026
3548	1026
3549	1026
3550	1026
3551	1026
3552	1026
3553	1026
3554	1026
3555	1026
3556	1026
3557	1026
3558	1026
3559	1026
3560	1026
3561	1026
3562	1026
3563	1026
3564	1026
3565	1026
3566	1026
3567	1026
3568	1026
3569	1026
3570	1026
3571	1026
3572	1026
3573	1026
3574	1026
3575	1026
3576	1026
3577	1026
3578	1026
3579	1026
3580	1026
3581	1026
3584	1026
3585	1026
3586	1026
3587	1026
3588	1026
3589	1026
3590	1026
3591	1026
3592	1026
3593	1026
3594	1026
3595	1026
3596	1026
3597	1026
3598	1026
3599	1026
3600	1026
3601	1026
3602	1026
3603	1026
3604	1026
3605	1026
3606	1026
3607	1026
3608	1026
3609	1026
3610	1026
3611	1026
3612	1026
3613	1026
3614	1026
3615	1026
3616	1026
3617	1026
3618	1026
3619	1026
3620	1026
3621	1026
3622	1026
3623	1026
3624	1026
3625	1026
3626	1026
3627	1026
3628	1026
3629	1026
3630	1026
3631	1026
3632	1026
3633	1026
3634	1026
3635	1026
3636	1026
3637	1026
3638	1026
3639	1026
3640	1026
3641	1026
3642	1026
3643	1026
3644	1026
3645	1026
3646	1026
3647	1026
3648	1026
3649	1026
3650	1026
3651	1026
3652	1026
3653	1026
3654	1026
3655	1026
3656	1026
3657	1026
3658	1026
3659	1026
3660	1026
3661	1026
3662	1026
3663	1026
3664	1026
3665	1026
3666	1026
3667	1026
3668	1026
3669	1026
3670	1026
3671	1026
3672	1026
3673	1026
3540	1027
3541	1027
3542	1027
3543	1027
3544	1027
3545	1027
3546	1027
3547	1027
3548	1027
3549	1027
3550	1027
3551	1027
3552	1027
3553	1027
3554	1027
3555	1027
3556	1027
3557	1027
3558	1027
3559	1027
3560	1027
3561	1027
3562	1027
3563	1027
3564	1027
3565	1027
3566	1027
3567	1027
3568	1027
3569	1027
3570	1027
3571	1027
3572	1027
3573	1027
3574	1027
3575	1027
3576	1027
3577	1027
3578	1027
3579	1027
3580	1027
3581	1027
3582	1027
3583	1027
3584	1027
3585	1027
3586	1027
3587	1027
3588	1027
3589	1027
3590	1027
3591	1027
3592	1027
3593	1027
3594	1027
3595	1027
3596	1027
3597	1027
3598	1027
3599	1027
3600	1027
3601	1027
3602	1027
3603	1027
3604	1027
3605	1027
3606	1027
3607	1027
3608	1027
3609	1027
3610	1027
3611	1027
3612	1027
3613	1027
3614	1027
3615	1027
3616	1027
3617	1027
3618	1027
3619	1027
3620	1027
3621	1027
3622	1027
3623	1027
3624	1027
3625	1027
3626	1027
3627	1027
3628	1027
3629	1027
3630	1027
3631	1027
3632	1027
3633	1027
3634	1027
3635	1027
3636	1027
3637	1027
3638	1027
3639	1027
3640	1027
3641	1027
3642	1027
3643	1027
3644	1027
3645	1027
3646	1027
3647	1027
3648	1027
3649	1027
3650	1027
3651	1027
3652	1027
3653	1027
3654	1027
3655	1027
3656	1027
3657	1027
3658	1027
3659	1027
3660	1027
3661	1027
3662	1027
3663	1027
3664	1027
3665	1027
3666	1027
3667	1027
3668	1027
3669	1027
3670	1027
3671	1027
3672	1027
3673	1027
3540	1028
3541	1028
3542	1028
3543	1028
3544	1028
3545	1028
3546	1028
3547	1028
3548	1028
3549	1028
3550	1028
3551	1028
3552	1028
3553	1028
3554	1028
3555	1028
3556	1028
3557	1028
3558	1028
3559	1028
3560	1028
3561	1028
3562	1028
3563	1028
3564	1028
3565	1028
3566	1028
3567	1028
3568	1028
3569	1028
3570	1028
3571	1028
3572	1028
3573	1028
3574	1028
3575	1028
3576	1028
3577	1028
3578	1028
3579	1028
3580	1028
3581	1028
3582	1028
3583	1028
3584	1028
3585	1028
3586	1028
3587	1028
3588	1028
3589	1028
3590	1028
3591	1028
3592	1028
3593	1028
3594	1028
3595	1028
3596	1028
3597	1028
3598	1028
3599	1028
3600	1028
3601	1028
3602	1028
3603	1028
3604	1028
3605	1028
3606	1028
3607	1028
3608	1028
3609	1028
3610	1028
3611	1028
3612	1028
3613	1028
3614	1028
3615	1028
3616	1028
3617	1028
3618	1028
3619	1028
3620	1028
3621	1028
3622	1028
3623	1028
3624	1028
3625	1028
3626	1028
3627	1028
3628	1028
3629	1028
3630	1028
3631	1028
3632	1028
3633	1028
3634	1028
3635	1028
3636	1028
3637	1028
3638	1028
3639	1028
3640	1028
3641	1028
3642	1028
3643	1028
3644	1028
3645	1028
3646	1028
3647	1028
3648	1028
3649	1028
3650	1028
3651	1028
3652	1028
3653	1028
3654	1028
3655	1028
3656	1028
3657	1028
3658	1028
3659	1028
3660	1028
3661	1028
3662	1028
3663	1028
3664	1028
3665	1028
3666	1028
3667	1028
3668	1028
3669	1028
3670	1028
3671	1028
3672	1028
3673	1028
3540	1029
3541	1029
3542	1029
3543	1029
3544	1029
3545	1029
3546	1029
3547	1029
3548	1029
3549	1029
3550	1029
3551	1029
3552	1029
3553	1029
3554	1029
3555	1029
3556	1029
3557	1029
3558	1029
3559	1029
3560	1029
3561	1029
3562	1029
3563	1029
3564	1029
3565	1029
3566	1029
3567	1029
3568	1029
3569	1029
3570	1029
3571	1029
3572	1029
3573	1029
3574	1029
3575	1029
3576	1029
3577	1029
3578	1029
3579	1029
3580	1029
3581	1029
3582	1029
3583	1029
3584	1029
3585	1029
3586	1029
3587	1029
3588	1029
3589	1029
3590	1029
3591	1029
3592	1029
3593	1029
3594	1029
3595	1029
3596	1029
3597	1029
3598	1029
3599	1029
3600	1029
3601	1029
3602	1029
3603	1029
3604	1029
3605	1029
3606	1029
3607	1029
3608	1029
3609	1029
3610	1029
3611	1029
3612	1029
3613	1029
3614	1029
3615	1029
3616	1029
3617	1029
3618	1029
3619	1029
3620	1029
3621	1029
3622	1029
3623	1029
3624	1029
3625	1029
3626	1029
3627	1029
3628	1029
3629	1029
3630	1029
3631	1029
3632	1029
3633	1029
3634	1029
3635	1029
3636	1029
3637	1029
3638	1029
3639	1029
3640	1029
3641	1029
3642	1029
3643	1029
3644	1029
3645	1029
3646	1029
3647	1029
3648	1029
3649	1029
3650	1029
3651	1029
3652	1029
3653	1029
3654	1029
3655	1029
3656	1029
3657	1029
3658	1029
3659	1029
3660	1029
3661	1029
3662	1029
3663	1029
3664	1029
3665	1029
3666	1029
3667	1029
3668	1029
3669	1029
3670	1029
3671	1029
3672	1029
3673	1029
3674	1029
3540	1030
3541	1030
3542	1030
3543	1030
3544	1030
3545	1030
3546	1030
3547	1030
3548	1030
3549	1030
3550	1030
3551	1030
3552	1030
3553	1030
3554	1030
3555	1030
3556	1030
3557	1030
3558	1030
3559	1030
3560	1030
3561	1030
3562	1030
3563	1030
3564	1030
3565	1030
3566	1030
3567	1030
3568	1030
3569	1030
3570	1030
3571	1030
3572	1030
3573	1030
3574	1030
3575	1030
3576	1030
3577	1030
3578	1030
3579	1030
3580	1030
3581	1030
3582	1030
3583	1030
3584	1030
3585	1030
3586	1030
3587	1030
3588	1030
3589	1030
3590	1030
3591	1030
3592	1030
3593	1030
3594	1030
3595	1030
3596	1030
3597	1030
3598	1030
3599	1030
3600	1030
3601	1030
3602	1030
3603	1030
3604	1030
3605	1030
3606	1030
3607	1030
3608	1030
3609	1030
3610	1030
3611	1030
3612	1030
3613	1030
3614	1030
3615	1030
3616	1030
3617	1030
3618	1030
3619	1030
3620	1030
3621	1030
3622	1030
3623	1030
3624	1030
3625	1030
3626	1030
3627	1030
3628	1030
3629	1030
3630	1030
3631	1030
3632	1030
3633	1030
3634	1030
3635	1030
3636	1030
3637	1030
3638	1030
3639	1030
3640	1030
3641	1030
3642	1030
3643	1030
3644	1030
3645	1030
3646	1030
3647	1030
3648	1030
3649	1030
3650	1030
3651	1030
3652	1030
3653	1030
3654	1030
3655	1030
3656	1030
3657	1030
3658	1030
3659	1030
3660	1030
3661	1030
3662	1030
3663	1030
3664	1030
3665	1030
3666	1030
3667	1030
3668	1030
3669	1030
3670	1030
3671	1030
3672	1030
3673	1030
3674	1030
3540	1031
3541	1031
3542	1031
3543	1031
3544	1031
3545	1031
3546	1031
3547	1031
3548	1031
3549	1031
3550	1031
3551	1031
3552	1031
3553	1031
3554	1031
3555	1031
3556	1031
3557	1031
3558	1031
3559	1031
3560	1031
3561	1031
3562	1031
3563	1031
3564	1031
3565	1031
3566	1031
3567	1031
3568	1031
3569	1031
3570	1031
3571	1031
3572	1031
3573	1031
3574	1031
3575	1031
3576	1031
3577	1031
3578	1031
3579	1031
3580	1031
3581	1031
3582	1031
3583	1031
3584	1031
3585	1031
3586	1031
3587	1031
3588	1031
3589	1031
3590	1031
3591	1031
3592	1031
3593	1031
3594	1031
3595	1031
3596	1031
3597	1031
3598	1031
3599	1031
3600	1031
3601	1031
3602	1031
3603	1031
3604	1031
3605	1031
3606	1031
3607	1031
3608	1031
3609	1031
3610	1031
3611	1031
3612	1031
3613	1031
3614	1031
3615	1031
3616	1031
3617	1031
3618	1031
3619	1031
3620	1031
3621	1031
3622	1031
3623	1031
3624	1031
3625	1031
3626	1031
3627	1031
3628	1031
3629	1031
3630	1031
3631	1031
3632	1031
3633	1031
3634	1031
3635	1031
3636	1031
3637	1031
3638	1031
3639	1031
3640	1031
3641	1031
3642	1031
3643	1031
3644	1031
3645	1031
3646	1031
3647	1031
3648	1031
3649	1031
3650	1031
3651	1031
3652	1031
3653	1031
3654	1031
3655	1031
3656	1031
3657	1031
3658	1031
3659	1031
3660	1031
3661	1031
3662	1031
3663	1031
3664	1031
3665	1031
3666	1031
3667	1031
3668	1031
3669	1031
3670	1031
3671	1031
3672	1031
3673	1031
3674	1031
3540	1032
3541	1032
3542	1032
3543	1032
3544	1032
3545	1032
3546	1032
3547	1032
3548	1032
3549	1032
3550	1032
3551	1032
3552	1032
3553	1032
3554	1032
3555	1032
3556	1032
3557	1032
3558	1032
3559	1032
3560	1032
3561	1032
3562	1032
3563	1032
3564	1032
3565	1032
3566	1032
3567	1032
3568	1032
3569	1032
3570	1032
3571	1032
3572	1032
3573	1032
3574	1032
3575	1032
3576	1032
3577	1032
3578	1032
3579	1032
3580	1032
3581	1032
3582	1032
3583	1032
3584	1032
3585	1032
3586	1032
3587	1032
3588	1032
3589	1032
3590	1032
3591	1032
3592	1032
3593	1032
3594	1032
3595	1032
3596	1032
3597	1032
3598	1032
3599	1032
3600	1032
3601	1032
3602	1032
3603	1032
3604	1032
3605	1032
3606	1032
3607	1032
3608	1032
3609	1032
3610	1032
3611	1032
3612	1032
3613	1032
3614	1032
3615	1032
3616	1032
3617	1032
3618	1032
3619	1032
3620	1032
3621	1032
3622	1032
3623	1032
3624	1032
3625	1032
3626	1032
3627	1032
3628	1032
3629	1032
3630	1032
3631	1032
3632	1032
3633	1032
3634	1032
3635	1032
3636	1032
3637	1032
3638	1032
3639	1032
3640	1032
3641	1032
3642	1032
3643	1032
3644	1032
3645	1032
3646	1032
3647	1032
3648	1032
3649	1032
3650	1032
3651	1032
3652	1032
3653	1032
3654	1032
3655	1032
3656	1032
3657	1032
3658	1032
3659	1032
3660	1032
3661	1032
3662	1032
3663	1032
3664	1032
3665	1032
3666	1032
3667	1032
3668	1032
3669	1032
3670	1032
3671	1032
3672	1032
3673	1032
3674	1032
3675	1032
3541	1033
3542	1033
3543	1033
3544	1033
3545	1033
3546	1033
3547	1033
3548	1033
3549	1033
3550	1033
3551	1033
3552	1033
3553	1033
3554	1033
3555	1033
3556	1033
3557	1033
3558	1033
3559	1033
3560	1033
3561	1033
3562	1033
3563	1033
3564	1033
3565	1033
3566	1033
3567	1033
3568	1033
3569	1033
3570	1033
3571	1033
3572	1033
3573	1033
3574	1033
3575	1033
3576	1033
3577	1033
3578	1033
3579	1033
3580	1033
3581	1033
3582	1033
3583	1033
3584	1033
3585	1033
3586	1033
3587	1033
3588	1033
3589	1033
3590	1033
3591	1033
3592	1033
3593	1033
3594	1033
3595	1033
3596	1033
3597	1033
3598	1033
3599	1033
3600	1033
3601	1033
3602	1033
3603	1033
3604	1033
3605	1033
3606	1033
3607	1033
3608	1033
3609	1033
3610	1033
3611	1033
3612	1033
3613	1033
3614	1033
3615	1033
3616	1033
3617	1033
3618	1033
3619	1033
3620	1033
3621	1033
3622	1033
3623	1033
3624	1033
3625	1033
3626	1033
3627	1033
3628	1033
3629	1033
3630	1033
3631	1033
3632	1033
3633	1033
3634	1033
3635	1033
3636	1033
3637	1033
3638	1033
3639	1033
3640	1033
3641	1033
3642	1033
3643	1033
3644	1033
3645	1033
3646	1033
3647	1033
3648	1033
3649	1033
3650	1033
3651	1033
3652	1033
3653	1033
3654	1033
3655	1033
3656	1033
3657	1033
3658	1033
3659	1033
3660	1033
3661	1033
3662	1033
3663	1033
3664	1033
3665	1033
3666	1033
3667	1033
3668	1033
3669	1033
3670	1033
3671	1033
3672	1033
3673	1033
3674	1033
3675	1033
3541	1034
3542	1034
3543	1034
3544	1034
3545	1034
3546	1034
3547	1034
3548	1034
3549	1034
3550	1034
3551	1034
3552	1034
3553	1034
3554	1034
3555	1034
3556	1034
3557	1034
3558	1034
3559	1034
3560	1034
3561	1034
3562	1034
3563	1034
3564	1034
3565	1034
3566	1034
3567	1034
3568	1034
3569	1034
3570	1034
3571	1034
3572	1034
3573	1034
3574	1034
3575	1034
3576	1034
3577	1034
3578	1034
3579	1034
3580	1034
3581	1034
3582	1034
3583	1034
3584	1034
3585	1034
3586	1034
3587	1034
3588	1034
3589	1034
3590	1034
3591	1034
3592	1034
3593	1034
3594	1034
3595	1034
3596	1034
3597	1034
3598	1034
3599	1034
3600	1034
3601	1034
3602	1034
3603	1034
3604	1034
3605	1034
3606	1034
3607	1034
3608	1034
3609	1034
3610	1034
3611	1034
3612	1034
3613	1034
3614	1034
3615	1034
3616	1034
3617	1034
3618	1034
3619	1034
3620	1034
3621	1034
3622	1034
3623	1034
3624	1034
3625	1034
3626	1034
3627	1034
3628	1034
3629	1034
3630	1034
3631	1034
3632	1034
3633	1034
3634	1034
3635	1034
3636	1034
3637	1034
3638	1034
3639	1034
3640	1034
3641	1034
3642	1034
3643	1034
3644	1034
3645	1034
3646	1034
3647	1034
3648	1034
3649	1034
3650	1034
3651	1034
3652	1034
3653	1034
3654	1034
3655	1034
3656	1034
3657	1034
3658	1034
3659	1034
3660	1034
3661	1034
3662	1034
3663	1034
3664	1034
3665	1034
3666	1034
3667	1034
3668	1034
3669	1034
3670	1034
3671	1034
3672	1034
3673	1034
3674	1034
3675	1034
3541	1035
3542	1035
3543	1035
3544	1035
3545	1035
3546	1035
3547	1035
3548	1035
3549	1035
3550	1035
3551	1035
3552	1035
3553	1035
3554	1035
3555	1035
3556	1035
3557	1035
3558	1035
3559	1035
3560	1035
3561	1035
3562	1035
3563	1035
3564	1035
3565	1035
3566	1035
3567	1035
3568	1035
3569	1035
3570	1035
3571	1035
3572	1035
3573	1035
3574	1035
3575	1035
3576	1035
3577	1035
3578	1035
3579	1035
3580	1035
3581	1035
3582	1035
3583	1035
3584	1035
3585	1035
3586	1035
3587	1035
3588	1035
3589	1035
3590	1035
3591	1035
3592	1035
3593	1035
3594	1035
3595	1035
3596	1035
3597	1035
3598	1035
3599	1035
3600	1035
3601	1035
3602	1035
3603	1035
3604	1035
3605	1035
3606	1035
3607	1035
3608	1035
3609	1035
3610	1035
3611	1035
3612	1035
3613	1035
3614	1035
3615	1035
3616	1035
3617	1035
3618	1035
3619	1035
3620	1035
3621	1035
3622	1035
3623	1035
3624	1035
3625	1035
3626	1035
3627	1035
3628	1035
3629	1035
3630	1035
3631	1035
3632	1035
3633	1035
3634	1035
3635	1035
3636	1035
3637	1035
3638	1035
3639	1035
3640	1035
3641	1035
3642	1035
3643	1035
3644	1035
3645	1035
3646	1035
3647	1035
3648	1035
3649	1035
3650	1035
3651	1035
3652	1035
3653	1035
3654	1035
3655	1035
3656	1035
3657	1035
3658	1035
3659	1035
3660	1035
3661	1035
3662	1035
3663	1035
3664	1035
3665	1035
3666	1035
3667	1035
3668	1035
3669	1035
3670	1035
3671	1035
3672	1035
3673	1035
3674	1035
3675	1035
3676	1035
3541	1036
3542	1036
3543	1036
3544	1036
3545	1036
3546	1036
3547	1036
3548	1036
3549	1036
3550	1036
3551	1036
3552	1036
3553	1036
3554	1036
3555	1036
3556	1036
3557	1036
3558	1036
3559	1036
3560	1036
3561	1036
3562	1036
3563	1036
3564	1036
3565	1036
3566	1036
3567	1036
3568	1036
3569	1036
3570	1036
3571	1036
3572	1036
3573	1036
3574	1036
3575	1036
3576	1036
3577	1036
3578	1036
3579	1036
3580	1036
3581	1036
3582	1036
3583	1036
3584	1036
3585	1036
3586	1036
3587	1036
3588	1036
3589	1036
3590	1036
3591	1036
3592	1036
3593	1036
3594	1036
3595	1036
3596	1036
3597	1036
3598	1036
3599	1036
3600	1036
3601	1036
3602	1036
3603	1036
3604	1036
3605	1036
3606	1036
3607	1036
3608	1036
3609	1036
3610	1036
3611	1036
3612	1036
3613	1036
3614	1036
3615	1036
3616	1036
3617	1036
3618	1036
3619	1036
3620	1036
3621	1036
3622	1036
3623	1036
3624	1036
3625	1036
3626	1036
3627	1036
3628	1036
3629	1036
3630	1036
3631	1036
3632	1036
3633	1036
3634	1036
3635	1036
3636	1036
3637	1036
3638	1036
3639	1036
3640	1036
3641	1036
3642	1036
3643	1036
3644	1036
3645	1036
3646	1036
3647	1036
3648	1036
3649	1036
3650	1036
3651	1036
3652	1036
3653	1036
3654	1036
3655	1036
3656	1036
3657	1036
3658	1036
3659	1036
3660	1036
3661	1036
3662	1036
3663	1036
3664	1036
3665	1036
3666	1036
3667	1036
3668	1036
3669	1036
3670	1036
3671	1036
3672	1036
3673	1036
3674	1036
3675	1036
3676	1036
3541	1037
3542	1037
3543	1037
3544	1037
3545	1037
3546	1037
3547	1037
3548	1037
3549	1037
3550	1037
3551	1037
3552	1037
3553	1037
3554	1037
3555	1037
3556	1037
3557	1037
3558	1037
3559	1037
3560	1037
3561	1037
3562	1037
3563	1037
3564	1037
3565	1037
3566	1037
3567	1037
3568	1037
3569	1037
3570	1037
3571	1037
3572	1037
3573	1037
3574	1037
3575	1037
3576	1037
3577	1037
3578	1037
3579	1037
3580	1037
3581	1037
3582	1037
3583	1037
3584	1037
3585	1037
3586	1037
3587	1037
3588	1037
3589	1037
3590	1037
3591	1037
3592	1037
3593	1037
3594	1037
3595	1037
3596	1037
3597	1037
3598	1037
3599	1037
3600	1037
3601	1037
3602	1037
3603	1037
3604	1037
3605	1037
3606	1037
3607	1037
3608	1037
3609	1037
3610	1037
3611	1037
3612	1037
3613	1037
3614	1037
3615	1037
3616	1037
3617	1037
3618	1037
3619	1037
3620	1037
3621	1037
3622	1037
3623	1037
3624	1037
3625	1037
3626	1037
3627	1037
3628	1037
3629	1037
3630	1037
3631	1037
3632	1037
3633	1037
3634	1037
3635	1037
3636	1037
3637	1037
3638	1037
3639	1037
3640	1037
3641	1037
3642	1037
3643	1037
3644	1037
3645	1037
3646	1037
3647	1037
3648	1037
3649	1037
3650	1037
3651	1037
3652	1037
3653	1037
3654	1037
3655	1037
3656	1037
3657	1037
3658	1037
3659	1037
3660	1037
3661	1037
3662	1037
3663	1037
3664	1037
3665	1037
3668	1037
3669	1037
3670	1037
3671	1037
3672	1037
3673	1037
3674	1037
3675	1037
3676	1037
3541	1038
3542	1038
3543	1038
3544	1038
3545	1038
3546	1038
3547	1038
3548	1038
3549	1038
3550	1038
3551	1038
3552	1038
3553	1038
3554	1038
3555	1038
3556	1038
3557	1038
3558	1038
3559	1038
3560	1038
3561	1038
3562	1038
3563	1038
3564	1038
3565	1038
3566	1038
3567	1038
3568	1038
3569	1038
3570	1038
3571	1038
3572	1038
3573	1038
3574	1038
3575	1038
3576	1038
3577	1038
3578	1038
3579	1038
3580	1038
3581	1038
3582	1038
3583	1038
3584	1038
3585	1038
3586	1038
3587	1038
3588	1038
3589	1038
3590	1038
3591	1038
3592	1038
3593	1038
3594	1038
3595	1038
3596	1038
3597	1038
3598	1038
3599	1038
3600	1038
3601	1038
3602	1038
3603	1038
3604	1038
3605	1038
3606	1038
3607	1038
3608	1038
3609	1038
3610	1038
3611	1038
3612	1038
3613	1038
3614	1038
3615	1038
3616	1038
3617	1038
3618	1038
3619	1038
3620	1038
3621	1038
3622	1038
3623	1038
3624	1038
3625	1038
3626	1038
3627	1038
3628	1038
3629	1038
3630	1038
3631	1038
3632	1038
3633	1038
3634	1038
3635	1038
3636	1038
3637	1038
3638	1038
3639	1038
3640	1038
3641	1038
3642	1038
3643	1038
3644	1038
3645	1038
3646	1038
3647	1038
3648	1038
3649	1038
3650	1038
3651	1038
3652	1038
3653	1038
3654	1038
3655	1038
3656	1038
3657	1038
3658	1038
3659	1038
3660	1038
3661	1038
3662	1038
3663	1038
3664	1038
3670	1038
3671	1038
3672	1038
3673	1038
3674	1038
3675	1038
3676	1038
3541	1039
3542	1039
3543	1039
3544	1039
3545	1039
3546	1039
3547	1039
3548	1039
3549	1039
3550	1039
3551	1039
3552	1039
3553	1039
3554	1039
3555	1039
3556	1039
3557	1039
3558	1039
3559	1039
3560	1039
3561	1039
3562	1039
3563	1039
3564	1039
3565	1039
3566	1039
3567	1039
3568	1039
3569	1039
3570	1039
3571	1039
3572	1039
3573	1039
3574	1039
3575	1039
3576	1039
3577	1039
3578	1039
3579	1039
3580	1039
3581	1039
3582	1039
3583	1039
3584	1039
3585	1039
3586	1039
3587	1039
3588	1039
3589	1039
3590	1039
3591	1039
3592	1039
3593	1039
3594	1039
3595	1039
3596	1039
3597	1039
3598	1039
3599	1039
3600	1039
3601	1039
3602	1039
3603	1039
3604	1039
3605	1039
3606	1039
3607	1039
3608	1039
3609	1039
3610	1039
3611	1039
3612	1039
3613	1039
3614	1039
3615	1039
3616	1039
3617	1039
3618	1039
3619	1039
3620	1039
3621	1039
3622	1039
3623	1039
3624	1039
3625	1039
3626	1039
3627	1039
3628	1039
3629	1039
3630	1039
3631	1039
3632	1039
3633	1039
3634	1039
3635	1039
3636	1039
3637	1039
3638	1039
3639	1039
3640	1039
3641	1039
3642	1039
3643	1039
3644	1039
3645	1039
3646	1039
3647	1039
3648	1039
3649	1039
3650	1039
3651	1039
3652	1039
3653	1039
3654	1039
3655	1039
3656	1039
3657	1039
3658	1039
3659	1039
3660	1039
3661	1039
3662	1039
3663	1039
3673	1039
3674	1039
3675	1039
3676	1039
3677	1039
3541	1040
3542	1040
3543	1040
3544	1040
3545	1040
3546	1040
3547	1040
3548	1040
3549	1040
3550	1040
3551	1040
3552	1040
3553	1040
3554	1040
3555	1040
3556	1040
3557	1040
3558	1040
3559	1040
3560	1040
3561	1040
3562	1040
3563	1040
3564	1040
3565	1040
3566	1040
3567	1040
3568	1040
3569	1040
3570	1040
3571	1040
3572	1040
3573	1040
3574	1040
3575	1040
3576	1040
3577	1040
3578	1040
3579	1040
3580	1040
3581	1040
3582	1040
3583	1040
3584	1040
3585	1040
3586	1040
3587	1040
3588	1040
3589	1040
3590	1040
3591	1040
3592	1040
3593	1040
3594	1040
3595	1040
3596	1040
3597	1040
3598	1040
3599	1040
3600	1040
3601	1040
3602	1040
3603	1040
3604	1040
3605	1040
3606	1040
3607	1040
3608	1040
3609	1040
3610	1040
3611	1040
3612	1040
3613	1040
3614	1040
3615	1040
3616	1040
3617	1040
3618	1040
3619	1040
3620	1040
3621	1040
3622	1040
3623	1040
3624	1040
3625	1040
3626	1040
3627	1040
3628	1040
3629	1040
3630	1040
3631	1040
3632	1040
3633	1040
3634	1040
3635	1040
3636	1040
3637	1040
3638	1040
3639	1040
3640	1040
3641	1040
3642	1040
3643	1040
3644	1040
3645	1040
3646	1040
3647	1040
3648	1040
3649	1040
3650	1040
3651	1040
3652	1040
3653	1040
3654	1040
3655	1040
3656	1040
3657	1040
3658	1040
3659	1040
3660	1040
3661	1040
3662	1040
3676	1040
3677	1040
3541	1041
3542	1041
3543	1041
3544	1041
3545	1041
3546	1041
3547	1041
3548	1041
3549	1041
3550	1041
3551	1041
3552	1041
3553	1041
3554	1041
3555	1041
3556	1041
3557	1041
3558	1041
3559	1041
3560	1041
3561	1041
3562	1041
3563	1041
3564	1041
3565	1041
3566	1041
3567	1041
3568	1041
3569	1041
3570	1041
3571	1041
3572	1041
3573	1041
3574	1041
3575	1041
3576	1041
3577	1041
3578	1041
3579	1041
3580	1041
3581	1041
3582	1041
3583	1041
3584	1041
3585	1041
3586	1041
3587	1041
3588	1041
3589	1041
3590	1041
3591	1041
3592	1041
3593	1041
3594	1041
3595	1041
3596	1041
3597	1041
3598	1041
3599	1041
3600	1041
3601	1041
3602	1041
3603	1041
3604	1041
3605	1041
3606	1041
3607	1041
3608	1041
3609	1041
3610	1041
3611	1041
3612	1041
3613	1041
3614	1041
3615	1041
3616	1041
3617	1041
3618	1041
3619	1041
3620	1041
3621	1041
3622	1041
3623	1041
3624	1041
3625	1041
3626	1041
3627	1041
3628	1041
3629	1041
3630	1041
3631	1041
3632	1041
3633	1041
3634	1041
3635	1041
3636	1041
3637	1041
3638	1041
3639	1041
3640	1041
3641	1041
3642	1041
3643	1041
3644	1041
3645	1041
3646	1041
3647	1041
3648	1041
3649	1041
3650	1041
3651	1041
3652	1041
3653	1041
3654	1041
3655	1041
3656	1041
3657	1041
3658	1041
3659	1041
3660	1041
3661	1041
3541	1042
3542	1042
3543	1042
3544	1042
3545	1042
3546	1042
3547	1042
3548	1042
3549	1042
3550	1042
3551	1042
3552	1042
3553	1042
3554	1042
3555	1042
3556	1042
3557	1042
3558	1042
3559	1042
3560	1042
3561	1042
3562	1042
3563	1042
3564	1042
3565	1042
3566	1042
3567	1042
3568	1042
3569	1042
3570	1042
3571	1042
3572	1042
3573	1042
3574	1042
3575	1042
3576	1042
3577	1042
3578	1042
3579	1042
3580	1042
3581	1042
3582	1042
3583	1042
3584	1042
3585	1042
3586	1042
3587	1042
3588	1042
3589	1042
3590	1042
3591	1042
3592	1042
3593	1042
3594	1042
3595	1042
3596	1042
3597	1042
3598	1042
3599	1042
3600	1042
3601	1042
3602	1042
3603	1042
3604	1042
3605	1042
3606	1042
3607	1042
3608	1042
3609	1042
3610	1042
3611	1042
3612	1042
3613	1042
3614	1042
3615	1042
3616	1042
3617	1042
3618	1042
3619	1042
3620	1042
3621	1042
3622	1042
3623	1042
3624	1042
3625	1042
3626	1042
3627	1042
3628	1042
3629	1042
3630	1042
3631	1042
3632	1042
3633	1042
3634	1042
3635	1042
3636	1042
3637	1042
3638	1042
3639	1042
3640	1042
3641	1042
3642	1042
3643	1042
3644	1042
3645	1042
3646	1042
3647	1042
3648	1042
3649	1042
3650	1042
3651	1042
3652	1042
3653	1042
3654	1042
3655	1042
3656	1042
3657	1042
3658	1042
3659	1042
3541	1043
3542	1043
3543	1043
3544	1043
3545	1043
3546	1043
3547	1043
3548	1043
3549	1043
3550	1043
3551	1043
3552	1043
3553	1043
3554	1043
3555	1043
3556	1043
3557	1043
3558	1043
3559	1043
3560	1043
3561	1043
3562	1043
3563	1043
3564	1043
3565	1043
3566	1043
3567	1043
3568	1043
3569	1043
3570	1043
3571	1043
3572	1043
3573	1043
3574	1043
3575	1043
3576	1043
3577	1043
3578	1043
3579	1043
3580	1043
3581	1043
3582	1043
3583	1043
3584	1043
3585	1043
3586	1043
3587	1043
3588	1043
3589	1043
3590	1043
3591	1043
3592	1043
3593	1043
3594	1043
3595	1043
3596	1043
3597	1043
3598	1043
3599	1043
3600	1043
3601	1043
3602	1043
3603	1043
3604	1043
3605	1043
3606	1043
3607	1043
3608	1043
3609	1043
3610	1043
3611	1043
3612	1043
3613	1043
3614	1043
3615	1043
3616	1043
3617	1043
3618	1043
3619	1043
3620	1043
3621	1043
3622	1043
3623	1043
3624	1043
3625	1043
3626	1043
3627	1043
3628	1043
3629	1043
3630	1043
3631	1043
3632	1043
3633	1043
3634	1043
3635	1043
3636	1043
3637	1043
3638	1043
3639	1043
3640	1043
3641	1043
3642	1043
3643	1043
3644	1043
3645	1043
3646	1043
3647	1043
3648	1043
3649	1043
3650	1043
3651	1043
3652	1043
3653	1043
3654	1043
3655	1043
3656	1043
3657	1043
3658	1043
3540	1044
3541	1044
3542	1044
3543	1044
3544	1044
3545	1044
3546	1044
3547	1044
3548	1044
3549	1044
3550	1044
3551	1044
3552	1044
3553	1044
3554	1044
3555	1044
3556	1044
3557	1044
3558	1044
3559	1044
3560	1044
3561	1044
3562	1044
3563	1044
3564	1044
3565	1044
3566	1044
3567	1044
3568	1044
3569	1044
3570	1044
3571	1044
3572	1044
3573	1044
3574	1044
3575	1044
3576	1044
3577	1044
3578	1044
3579	1044
3580	1044
3581	1044
3582	1044
3583	1044
3584	1044
3585	1044
3586	1044
3587	1044
3588	1044
3589	1044
3590	1044
3591	1044
3592	1044
3593	1044
3594	1044
3595	1044
3596	1044
3597	1044
3598	1044
3599	1044
3600	1044
3601	1044
3602	1044
3603	1044
3604	1044
3605	1044
3606	1044
3607	1044
3608	1044
3609	1044
3610	1044
3611	1044
3612	1044
3613	1044
3614	1044
3615	1044
3616	1044
3617	1044
3618	1044
3619	1044
3620	1044
3621	1044
3622	1044
3623	1044
3624	1044
3625	1044
3626	1044
3627	1044
3628	1044
3629	1044
3630	1044
3631	1044
3632	1044
3633	1044
3634	1044
3635	1044
3636	1044
3637	1044
3638	1044
3639	1044
3640	1044
3641	1044
3642	1044
3643	1044
3644	1044
3645	1044
3646	1044
3647	1044
3648	1044
3649	1044
3650	1044
3651	1044
3652	1044
3653	1044
3654	1044
3655	1044
3656	1044
3657	1044
3540	1045
3541	1045
3542	1045
3543	1045
3544	1045
3545	1045
3546	1045
3547	1045
3548	1045
3549	1045
3550	1045
3551	1045
3552	1045
3553	1045
3554	1045
3555	1045
3556	1045
3557	1045
3558	1045
3559	1045
3560	1045
3561	1045
3562	1045
3563	1045
3564	1045
3565	1045
3566	1045
3567	1045
3568	1045
3569	1045
3570	1045
3571	1045
3572	1045
3573	1045
3574	1045
3575	1045
3576	1045
3577	1045
3578	1045
3579	1045
3580	1045
3581	1045
3582	1045
3583	1045
3584	1045
3585	1045
3586	1045
3587	1045
3588	1045
3589	1045
3590	1045
3591	1045
3592	1045
3593	1045
3594	1045
3595	1045
3596	1045
3597	1045
3598	1045
3599	1045
3600	1045
3601	1045
3602	1045
3603	1045
3604	1045
3605	1045
3606	1045
3607	1045
3608	1045
3609	1045
3610	1045
3611	1045
3612	1045
3613	1045
3614	1045
3615	1045
3616	1045
3617	1045
3618	1045
3619	1045
3620	1045
3621	1045
3622	1045
3623	1045
3624	1045
3625	1045
3626	1045
3627	1045
3628	1045
3629	1045
3630	1045
3631	1045
3632	1045
3633	1045
3634	1045
3635	1045
3636	1045
3637	1045
3638	1045
3639	1045
3640	1045
3641	1045
3642	1045
3643	1045
3644	1045
3645	1045
3646	1045
3647	1045
3648	1045
3649	1045
3650	1045
3651	1045
3652	1045
3653	1045
3654	1045
3655	1045
3656	1045
3540	1046
3541	1046
3542	1046
3543	1046
3544	1046
3545	1046
3546	1046
3547	1046
3548	1046
3549	1046
3552	1046
3553	1046
3554	1046
3555	1046
3556	1046
3557	1046
3558	1046
3559	1046
3560	1046
3561	1046
3562	1046
3563	1046
3564	1046
3565	1046
3566	1046
3567	1046
3568	1046
3569	1046
3570	1046
3571	1046
3572	1046
3573	1046
3574	1046
3575	1046
3576	1046
3577	1046
3578	1046
3579	1046
3580	1046
3581	1046
3582	1046
3583	1046
3584	1046
3585	1046
3586	1046
3587	1046
3588	1046
3589	1046
3590	1046
3591	1046
3592	1046
3593	1046
3594	1046
3595	1046
3596	1046
3597	1046
3598	1046
3599	1046
3600	1046
3601	1046
3602	1046
3603	1046
3604	1046
3605	1046
3606	1046
3607	1046
3608	1046
3609	1046
3610	1046
3611	1046
3612	1046
3613	1046
3614	1046
3615	1046
3616	1046
3617	1046
3618	1046
3619	1046
3620	1046
3621	1046
3622	1046
3623	1046
3624	1046
3625	1046
3626	1046
3627	1046
3628	1046
3629	1046
3630	1046
3631	1046
3632	1046
3633	1046
3634	1046
3635	1046
3644	1046
3645	1046
3646	1046
3647	1046
3648	1046
3649	1046
3650	1046
3651	1046
3652	1046
3653	1046
3654	1046
3539	1047
3540	1047
3541	1047
3542	1047
3543	1047
3544	1047
3545	1047
3546	1047
3547	1047
3548	1047
3549	1047
3553	1047
3554	1047
3555	1047
3556	1047
3557	1047
3558	1047
3559	1047
3560	1047
3561	1047
3562	1047
3563	1047
3564	1047
3565	1047
3566	1047
3567	1047
3568	1047
3569	1047
3570	1047
3571	1047
3572	1047
3573	1047
3574	1047
3575	1047
3576	1047
3577	1047
3578	1047
3579	1047
3580	1047
3581	1047
3582	1047
3583	1047
3584	1047
3585	1047
3586	1047
3587	1047
3588	1047
3589	1047
3590	1047
3591	1047
3592	1047
3593	1047
3594	1047
3595	1047
3596	1047
3597	1047
3598	1047
3599	1047
3600	1047
3601	1047
3602	1047
3603	1047
3604	1047
3605	1047
3606	1047
3607	1047
3608	1047
3609	1047
3610	1047
3611	1047
3612	1047
3613	1047
3614	1047
3615	1047
3616	1047
3617	1047
3618	1047
3619	1047
3620	1047
3621	1047
3622	1047
3623	1047
3624	1047
3625	1047
3626	1047
3627	1047
3628	1047
3629	1047
3630	1047
3631	1047
3648	1047
3649	1047
3650	1047
3651	1047
3652	1047
3653	1047
3539	1048
3540	1048
3541	1048
3542	1048
3543	1048
3544	1048
3545	1048
3546	1048
3547	1048
3548	1048
3549	1048
3554	1048
3555	1048
3556	1048
3557	1048
3558	1048
3559	1048
3560	1048
3561	1048
3562	1048
3563	1048
3564	1048
3565	1048
3566	1048
3567	1048
3568	1048
3569	1048
3570	1048
3571	1048
3572	1048
3573	1048
3574	1048
3575	1048
3576	1048
3577	1048
3578	1048
3579	1048
3580	1048
3581	1048
3582	1048
3583	1048
3584	1048
3585	1048
3586	1048
3587	1048
3588	1048
3589	1048
3590	1048
3591	1048
3592	1048
3593	1048
3594	1048
3595	1048
3596	1048
3597	1048
3598	1048
3599	1048
3600	1048
3601	1048
3602	1048
3603	1048
3604	1048
3605	1048
3606	1048
3607	1048
3608	1048
3609	1048
3610	1048
3611	1048
3612	1048
3613	1048
3614	1048
3615	1048
3616	1048
3617	1048
3618	1048
3619	1048
3620	1048
3621	1048
3622	1048
3623	1048
3624	1048
3625	1048
3626	1048
3652	1048
3538	1049
3539	1049
3540	1049
3541	1049
3542	1049
3543	1049
3544	1049
3545	1049
3546	1049
3547	1049
3548	1049
3555	1049
3556	1049
3557	1049
3558	1049
3559	1049
3560	1049
3561	1049
3562	1049
3563	1049
3564	1049
3565	1049
3566	1049
3567	1049
3568	1049
3569	1049
3570	1049
3571	1049
3572	1049
3573	1049
3574	1049
3575	1049
3576	1049
3577	1049
3578	1049
3579	1049
3580	1049
3581	1049
3582	1049
3583	1049
3584	1049
3585	1049
3586	1049
3587	1049
3588	1049
3589	1049
3590	1049
3591	1049
3592	1049
3593	1049
3594	1049
3595	1049
3596	1049
3597	1049
3598	1049
3599	1049
3600	1049
3601	1049
3602	1049
3603	1049
3604	1049
3605	1049
3606	1049
3607	1049
3608	1049
3609	1049
3610	1049
3611	1049
3612	1049
3613	1049
3614	1049
3615	1049
3616	1049
3617	1049
3618	1049
3619	1049
3620	1049
3621	1049
3622	1049
3623	1049
3624	1049
3538	1050
3539	1050
3540	1050
3541	1050
3542	1050
3543	1050
3544	1050
3545	1050
3546	1050
3547	1050
3548	1050
3555	1050
3556	1050
3557	1050
3558	1050
3559	1050
3560	1050
3561	1050
3562	1050
3563	1050
3564	1050
3565	1050
3566	1050
3567	1050
3568	1050
3569	1050
3570	1050
3571	1050
3572	1050
3573	1050
3574	1050
3575	1050
3576	1050
3577	1050
3578	1050
3579	1050
3580	1050
3581	1050
3582	1050
3583	1050
3584	1050
3585	1050
3586	1050
3587	1050
3588	1050
3589	1050
3590	1050
3591	1050
3592	1050
3593	1050
3594	1050
3595	1050
3596	1050
3597	1050
3598	1050
3599	1050
3600	1050
3601	1050
3602	1050
3603	1050
3604	1050
3605	1050
3606	1050
3607	1050
3608	1050
3609	1050
3610	1050
3611	1050
3612	1050
3613	1050
3614	1050
3615	1050
3616	1050
3617	1050
3618	1050
3619	1050
3620	1050
3621	1050
3622	1050
3623	1050
3624	1050
3538	1051
3539	1051
3540	1051
3541	1051
3542	1051
3543	1051
3544	1051
3545	1051
3546	1051
3547	1051
3548	1051
3556	1051
3557	1051
3558	1051
3559	1051
3560	1051
3561	1051
3562	1051
3563	1051
3564	1051
3565	1051
3566	1051
3567	1051
3568	1051
3569	1051
3570	1051
3571	1051
3572	1051
3573	1051
3574	1051
3575	1051
3576	1051
3577	1051
3578	1051
3579	1051
3580	1051
3581	1051
3582	1051
3583	1051
3584	1051
3585	1051
3586	1051
3587	1051
3588	1051
3589	1051
3590	1051
3591	1051
3592	1051
3593	1051
3594	1051
3595	1051
3596	1051
3597	1051
3598	1051
3599	1051
3600	1051
3601	1051
3602	1051
3603	1051
3604	1051
3605	1051
3606	1051
3607	1051
3608	1051
3609	1051
3610	1051
3611	1051
3612	1051
3613	1051
3614	1051
3615	1051
3616	1051
3617	1051
3618	1051
3619	1051
3620	1051
3621	1051
3622	1051
3623	1051
3624	1051
3625	1051
3538	1052
3539	1052
3540	1052
3541	1052
3542	1052
3543	1052
3544	1052
3545	1052
3546	1052
3547	1052
3548	1052
3556	1052
3557	1052
3558	1052
3559	1052
3560	1052
3561	1052
3562	1052
3563	1052
3564	1052
3565	1052
3566	1052
3567	1052
3568	1052
3569	1052
3570	1052
3571	1052
3572	1052
3573	1052
3574	1052
3575	1052
3576	1052
3577	1052
3578	1052
3579	1052
3580	1052
3581	1052
3582	1052
3583	1052
3584	1052
3585	1052
3586	1052
3587	1052
3588	1052
3589	1052
3590	1052
3591	1052
3592	1052
3593	1052
3594	1052
3595	1052
3596	1052
3597	1052
3598	1052
3599	1052
3600	1052
3601	1052
3602	1052
3603	1052
3604	1052
3605	1052
3606	1052
3607	1052
3608	1052
3609	1052
3610	1052
3611	1052
3612	1052
3613	1052
3614	1052
3615	1052
3616	1052
3617	1052
3618	1052
3619	1052
3620	1052
3621	1052
3622	1052
3623	1052
3624	1052
3625	1052
3626	1052
3542	1053
3543	1053
3544	1053
3545	1053
3546	1053
3547	1053
3556	1053
3557	1053
3558	1053
3559	1053
3560	1053
3561	1053
3562	1053
3563	1053
3564	1053
3565	1053
3566	1053
3567	1053
3568	1053
3569	1053
3570	1053
3571	1053
3572	1053
3573	1053
3574	1053
3575	1053
3576	1053
3577	1053
3578	1053
3579	1053
3580	1053
3581	1053
3582	1053
3583	1053
3584	1053
3585	1053
3586	1053
3587	1053
3588	1053
3589	1053
3590	1053
3591	1053
3592	1053
3593	1053
3594	1053
3595	1053
3596	1053
3597	1053
3598	1053
3599	1053
3600	1053
3601	1053
3602	1053
3603	1053
3604	1053
3605	1053
3606	1053
3607	1053
3608	1053
3609	1053
3610	1053
3611	1053
3612	1053
3613	1053
3614	1053
3615	1053
3616	1053
3617	1053
3618	1053
3619	1053
3620	1053
3621	1053
3622	1053
3623	1053
3624	1053
3625	1053
3626	1053
3627	1053
3545	1054
3546	1054
3547	1054
3556	1054
3557	1054
3558	1054
3559	1054
3560	1054
3561	1054
3562	1054
3563	1054
3564	1054
3565	1054
3566	1054
3567	1054
3568	1054
3569	1054
3570	1054
3571	1054
3572	1054
3573	1054
3574	1054
3575	1054
3576	1054
3577	1054
3578	1054
3579	1054
3580	1054
3581	1054
3582	1054
3583	1054
3584	1054
3585	1054
3586	1054
3587	1054
3588	1054
3589	1054
3590	1054
3591	1054
3592	1054
3593	1054
3594	1054
3595	1054
3596	1054
3597	1054
3598	1054
3599	1054
3600	1054
3601	1054
3602	1054
3603	1054
3604	1054
3605	1054
3606	1054
3607	1054
3608	1054
3609	1054
3610	1054
3611	1054
3612	1054
3613	1054
3614	1054
3615	1054
3616	1054
3617	1054
3618	1054
3619	1054
3620	1054
3621	1054
3622	1054
3623	1054
3624	1054
3625	1054
3626	1054
3627	1054
3557	1055
3558	1055
3559	1055
3560	1055
3561	1055
3562	1055
3563	1055
3564	1055
3565	1055
3566	1055
3567	1055
3568	1055
3569	1055
3570	1055
3571	1055
3572	1055
3573	1055
3574	1055
3575	1055
3576	1055
3577	1055
3578	1055
3579	1055
3580	1055
3581	1055
3582	1055
3583	1055
3584	1055
3585	1055
3586	1055
3587	1055
3588	1055
3589	1055
3590	1055
3591	1055
3592	1055
3593	1055
3594	1055
3595	1055
3596	1055
3597	1055
3598	1055
3599	1055
3600	1055
3601	1055
3602	1055
3603	1055
3604	1055
3605	1055
3606	1055
3607	1055
3608	1055
3609	1055
3610	1055
3611	1055
3612	1055
3613	1055
3614	1055
3615	1055
3616	1055
3617	1055
3618	1055
3619	1055
3620	1055
3621	1055
3622	1055
3623	1055
3624	1055
3625	1055
3626	1055
3627	1055
3628	1055
3557	1056
3558	1056
3559	1056
3560	1056
3561	1056
3562	1056
3563	1056
3564	1056
3565	1056
3566	1056
3567	1056
3568	1056
3569	1056
3570	1056
3571	1056
3572	1056
3573	1056
3574	1056
3575	1056
3576	1056
3577	1056
3578	1056
3579	1056
3580	1056
3581	1056
3582	1056
3583	1056
3584	1056
3585	1056
3586	1056
3587	1056
3588	1056
3589	1056
3590	1056
3591	1056
3592	1056
3593	1056
3594	1056
3595	1056
3596	1056
3597	1056
3598	1056
3599	1056
3600	1056
3601	1056
3602	1056
3603	1056
3604	1056
3605	1056
3606	1056
3607	1056
3608	1056
3609	1056
3610	1056
3611	1056
3612	1056
3613	1056
3614	1056
3615	1056
3616	1056
3617	1056
3618	1056
3619	1056
3620	1056
3621	1056
3622	1056
3623	1056
3624	1056
3625	1056
3626	1056
3627	1056
3628	1056
3629	1056
3557	1057
3558	1057
3559	1057
3560	1057
3561	1057
3562	1057
3563	1057
3564	1057
3565	1057
3566	1057
3567	1057
3568	1057
3569	1057
3570	1057
3571	1057
3572	1057
3573	1057
3574	1057
3575	1057
3576	1057
3577	1057
3578	1057
3579	1057
3580	1057
3581	1057
3582	1057
3583	1057
3584	1057
3585	1057
3586	1057
3587	1057
3588	1057
3589	1057
3590	1057
3591	1057
3592	1057
3593	1057
3594	1057
3595	1057
3596	1057
3597	1057
3598	1057
3599	1057
3600	1057
3601	1057
3602	1057
3603	1057
3604	1057
3605	1057
3606	1057
3607	1057
3608	1057
3609	1057
3610	1057
3611	1057
3612	1057
3613	1057
3614	1057
3615	1057
3616	1057
3617	1057
3618	1057
3619	1057
3620	1057
3621	1057
3622	1057
3623	1057
3624	1057
3625	1057
3626	1057
3627	1057
3628	1057
3629	1057
3558	1058
3559	1058
3560	1058
3561	1058
3562	1058
3563	1058
3564	1058
3565	1058
3566	1058
3567	1058
3568	1058
3569	1058
3570	1058
3571	1058
3572	1058
3573	1058
3574	1058
3575	1058
3576	1058
3577	1058
3578	1058
3579	1058
3580	1058
3581	1058
3582	1058
3583	1058
3584	1058
3585	1058
3586	1058
3587	1058
3588	1058
3589	1058
3590	1058
3591	1058
3592	1058
3593	1058
3594	1058
3595	1058
3596	1058
3597	1058
3598	1058
3599	1058
3600	1058
3601	1058
3602	1058
3603	1058
3604	1058
3605	1058
3606	1058
3607	1058
3608	1058
3609	1058
3610	1058
3611	1058
3612	1058
3613	1058
3614	1058
3615	1058
3616	1058
3617	1058
3618	1058
3619	1058
3620	1058
3621	1058
3622	1058
3623	1058
3624	1058
3625	1058
3626	1058
3627	1058
3628	1058
3629	1058
3630	1058
3558	1059
3559	1059
3560	1059
3561	1059
3562	1059
3563	1059
3564	1059
3565	1059
3566	1059
3567	1059
3568	1059
3569	1059
3570	1059
3571	1059
3572	1059
3573	1059
3574	1059
3575	1059
3576	1059
3577	1059
3578	1059
3579	1059
3580	1059
3581	1059
3582	1059
3583	1059
3584	1059
3585	1059
3586	1059
3587	1059
3588	1059
3589	1059
3590	1059
3591	1059
3592	1059
3593	1059
3594	1059
3595	1059
3596	1059
3597	1059
3598	1059
3599	1059
3600	1059
3601	1059
3602	1059
3603	1059
3604	1059
3605	1059
3606	1059
3607	1059
3608	1059
3609	1059
3610	1059
3611	1059
3612	1059
3613	1059
3614	1059
3615	1059
3616	1059
3617	1059
3618	1059
3619	1059
3620	1059
3621	1059
3622	1059
3623	1059
3624	1059
3625	1059
3626	1059
3627	1059
3628	1059
3629	1059
3630	1059
3631	1059
3558	1060
3559	1060
3560	1060
3561	1060
3562	1060
3563	1060
3564	1060
3565	1060
3566	1060
3567	1060
3568	1060
3569	1060
3570	1060
3571	1060
3572	1060
3573	1060
3574	1060
3575	1060
3576	1060
3577	1060
3578	1060
3579	1060
3580	1060
3581	1060
3582	1060
3583	1060
3584	1060
3585	1060
3586	1060
3587	1060
3588	1060
3589	1060
3590	1060
3591	1060
3592	1060
3593	1060
3594	1060
3595	1060
3596	1060
3597	1060
3598	1060
3599	1060
3600	1060
3601	1060
3602	1060
3603	1060
3604	1060
3605	1060
3606	1060
3607	1060
3608	1060
3609	1060
3610	1060
3611	1060
3612	1060
3613	1060
3614	1060
3615	1060
3616	1060
3617	1060
3618	1060
3619	1060
3620	1060
3621	1060
3622	1060
3623	1060
3624	1060
3625	1060
3626	1060
3627	1060
3628	1060
3629	1060
3630	1060
3631	1060
3632	1060
3559	1061
3560	1061
3561	1061
3562	1061
3563	1061
3564	1061
3565	1061
3566	1061
3567	1061
3568	1061
3569	1061
3570	1061
3571	1061
3572	1061
3573	1061
3574	1061
3575	1061
3576	1061
3577	1061
3578	1061
3579	1061
3580	1061
3581	1061
3582	1061
3583	1061
3584	1061
3585	1061
3586	1061
3587	1061
3588	1061
3589	1061
3590	1061
3591	1061
3592	1061
3593	1061
3594	1061
3595	1061
3596	1061
3597	1061
3598	1061
3599	1061
3600	1061
3601	1061
3602	1061
3603	1061
3604	1061
3605	1061
3606	1061
3607	1061
3608	1061
3609	1061
3610	1061
3611	1061
3612	1061
3613	1061
3614	1061
3615	1061
3616	1061
3617	1061
3618	1061
3619	1061
3620	1061
3621	1061
3622	1061
3623	1061
3624	1061
3625	1061
3626	1061
3627	1061
3628	1061
3629	1061
3630	1061
3631	1061
3632	1061
3558	1062
3559	1062
3560	1062
3561	1062
3562	1062
3563	1062
3564	1062
3565	1062
3566	1062
3567	1062
3568	1062
3569	1062
3570	1062
3571	1062
3572	1062
3573	1062
3574	1062
3575	1062
3576	1062
3577	1062
3578	1062
3579	1062
3580	1062
3581	1062
3582	1062
3583	1062
3584	1062
3585	1062
3586	1062
3587	1062
3588	1062
3589	1062
3590	1062
3591	1062
3592	1062
3593	1062
3594	1062
3595	1062
3596	1062
3597	1062
3598	1062
3599	1062
3600	1062
3601	1062
3602	1062
3603	1062
3604	1062
3605	1062
3606	1062
3607	1062
3608	1062
3609	1062
3610	1062
3611	1062
3612	1062
3613	1062
3614	1062
3615	1062
3616	1062
3617	1062
3618	1062
3619	1062
3620	1062
3621	1062
3622	1062
3623	1062
3624	1062
3625	1062
3626	1062
3627	1062
3628	1062
3629	1062
3630	1062
3631	1062
3632	1062
3633	1062
3558	1063
3559	1063
3560	1063
3561	1063
3562	1063
3563	1063
3564	1063
3565	1063
3566	1063
3567	1063
3568	1063
3569	1063
3570	1063
3571	1063
3572	1063
3573	1063
3574	1063
3575	1063
3576	1063
3577	1063
3578	1063
3579	1063
3580	1063
3581	1063
3582	1063
3583	1063
3584	1063
3585	1063
3586	1063
3587	1063
3588	1063
3589	1063
3590	1063
3591	1063
3592	1063
3593	1063
3594	1063
3595	1063
3596	1063
3597	1063
3598	1063
3599	1063
3600	1063
3601	1063
3602	1063
3603	1063
3604	1063
3605	1063
3606	1063
3607	1063
3608	1063
3609	1063
3610	1063
3611	1063
3612	1063
3613	1063
3614	1063
3615	1063
3616	1063
3617	1063
3618	1063
3619	1063
3620	1063
3621	1063
3622	1063
3623	1063
3624	1063
3625	1063
3626	1063
3627	1063
3628	1063
3629	1063
3630	1063
3631	1063
3632	1063
3633	1063
3634	1063
3558	1064
3559	1064
3560	1064
3561	1064
3562	1064
3563	1064
3564	1064
3565	1064
3566	1064
3567	1064
3568	1064
3569	1064
3570	1064
3571	1064
3572	1064
3573	1064
3574	1064
3575	1064
3576	1064
3577	1064
3578	1064
3579	1064
3580	1064
3581	1064
3582	1064
3583	1064
3584	1064
3585	1064
3586	1064
3587	1064
3588	1064
3589	1064
3590	1064
3591	1064
3592	1064
3593	1064
3594	1064
3595	1064
3596	1064
3597	1064
3598	1064
3599	1064
3600	1064
3601	1064
3602	1064
3603	1064
3604	1064
3605	1064
3606	1064
3607	1064
3608	1064
3609	1064
3610	1064
3611	1064
3612	1064
3613	1064
3614	1064
3615	1064
3616	1064
3617	1064
3618	1064
3619	1064
3620	1064
3621	1064
3622	1064
3623	1064
3624	1064
3625	1064
3626	1064
3627	1064
3628	1064
3629	1064
3630	1064
3631	1064
3632	1064
3633	1064
3634	1064
3558	1065
3559	1065
3560	1065
3561	1065
3562	1065
3563	1065
3564	1065
3565	1065
3566	1065
3567	1065
3568	1065
3569	1065
3570	1065
3571	1065
3572	1065
3573	1065
3574	1065
3575	1065
3576	1065
3577	1065
3578	1065
3579	1065
3580	1065
3581	1065
3582	1065
3583	1065
3584	1065
3585	1065
3586	1065
3587	1065
3588	1065
3589	1065
3590	1065
3591	1065
3592	1065
3593	1065
3594	1065
3595	1065
3596	1065
3597	1065
3598	1065
3599	1065
3600	1065
3601	1065
3602	1065
3603	1065
3604	1065
3605	1065
3606	1065
3607	1065
3608	1065
3609	1065
3610	1065
3611	1065
3612	1065
3613	1065
3614	1065
3615	1065
3616	1065
3617	1065
3618	1065
3619	1065
3620	1065
3621	1065
3622	1065
3623	1065
3624	1065
3625	1065
3626	1065
3627	1065
3628	1065
3629	1065
3558	1066
3559	1066
3560	1066
3561	1066
3562	1066
3563	1066
3564	1066
3565	1066
3566	1066
3567	1066
3568	1066
3569	1066
3570	1066
3571	1066
3572	1066
3573	1066
3574	1066
3575	1066
3576	1066
3577	1066
3578	1066
3579	1066
3580	1066
3581	1066
3582	1066
3583	1066
3584	1066
3585	1066
3586	1066
3587	1066
3588	1066
3589	1066
3590	1066
3591	1066
3592	1066
3593	1066
3594	1066
3595	1066
3596	1066
3597	1066
3598	1066
3599	1066
3600	1066
3601	1066
3602	1066
3603	1066
3604	1066
3605	1066
3606	1066
3607	1066
3608	1066
3609	1066
3610	1066
3611	1066
3612	1066
3613	1066
3614	1066
3615	1066
3616	1066
3617	1066
3618	1066
3619	1066
3620	1066
3621	1066
3622	1066
3623	1066
3557	1067
3558	1067
3559	1067
3560	1067
3561	1067
3562	1067
3563	1067
3564	1067
3565	1067
3566	1067
3567	1067
3568	1067
3569	1067
3570	1067
3571	1067
3572	1067
3573	1067
3574	1067
3575	1067
3576	1067
3577	1067
3578	1067
3579	1067
3580	1067
3581	1067
3582	1067
3583	1067
3584	1067
3585	1067
3586	1067
3587	1067
3588	1067
3589	1067
3590	1067
3591	1067
3592	1067
3593	1067
3594	1067
3595	1067
3596	1067
3597	1067
3598	1067
3599	1067
3600	1067
3601	1067
3602	1067
3603	1067
3604	1067
3605	1067
3606	1067
3607	1067
3608	1067
3609	1067
3610	1067
3611	1067
3612	1067
3613	1067
3614	1067
3615	1067
3616	1067
3557	1068
3558	1068
3559	1068
3560	1068
3561	1068
3562	1068
3563	1068
3564	1068
3565	1068
3566	1068
3567	1068
3568	1068
3569	1068
3570	1068
3571	1068
3572	1068
3573	1068
3574	1068
3575	1068
3576	1068
3577	1068
3578	1068
3579	1068
3580	1068
3581	1068
3582	1068
3583	1068
3584	1068
3585	1068
3586	1068
3587	1068
3588	1068
3589	1068
3590	1068
3591	1068
3592	1068
3593	1068
3594	1068
3595	1068
3596	1068
3597	1068
3598	1068
3599	1068
3600	1068
3601	1068
3602	1068
3603	1068
3604	1068
3605	1068
3606	1068
3607	1068
3608	1068
3609	1068
3610	1068
3611	1068
3612	1068
3557	1069
3558	1069
3559	1069
3560	1069
3561	1069
3562	1069
3563	1069
3564	1069
3565	1069
3566	1069
3567	1069
3568	1069
3569	1069
3570	1069
3571	1069
3572	1069
3573	1069
3574	1069
3575	1069
3576	1069
3577	1069
3578	1069
3579	1069
3580	1069
3581	1069
3582	1069
3583	1069
3584	1069
3585	1069
3586	1069
3587	1069
3588	1069
3589	1069
3590	1069
3591	1069
3592	1069
3593	1069
3594	1069
3595	1069
3596	1069
3597	1069
3598	1069
3599	1069
3600	1069
3601	1069
3602	1069
3603	1069
3604	1069
3605	1069
3606	1069
3607	1069
3608	1069
3609	1069
3610	1069
3557	1070
3558	1070
3559	1070
3560	1070
3561	1070
3562	1070
3563	1070
3564	1070
3565	1070
3566	1070
3567	1070
3569	1070
3570	1070
3571	1070
3572	1070
3573	1070
3574	1070
3575	1070
3576	1070
3577	1070
3578	1070
3579	1070
3580	1070
3581	1070
3582	1070
3583	1070
3584	1070
3585	1070
3586	1070
3587	1070
3588	1070
3589	1070
3590	1070
3591	1070
3592	1070
3593	1070
3594	1070
3595	1070
3596	1070
3597	1070
3598	1070
3599	1070
3600	1070
3601	1070
3602	1070
3603	1070
3604	1070
3605	1070
3606	1070
3607	1070
3608	1070
3556	1071
3557	1071
3558	1071
3559	1071
3560	1071
3561	1071
3562	1071
3563	1071
3564	1071
3565	1071
3571	1071
3572	1071
3573	1071
3574	1071
3575	1071
3576	1071
3577	1071
3578	1071
3579	1071
3580	1071
3581	1071
3582	1071
3583	1071
3584	1071
3585	1071
3586	1071
3587	1071
3588	1071
3589	1071
3590	1071
3591	1071
3592	1071
3593	1071
3594	1071
3595	1071
3596	1071
3597	1071
3598	1071
3599	1071
3600	1071
3601	1071
3602	1071
3603	1071
3604	1071
3605	1071
3606	1071
3556	1072
3557	1072
3558	1072
3559	1072
3560	1072
3561	1072
3562	1072
3563	1072
3573	1072
3574	1072
3575	1072
3576	1072
3577	1072
3578	1072
3579	1072
3580	1072
3581	1072
3582	1072
3583	1072
3584	1072
3585	1072
3586	1072
3587	1072
3588	1072
3589	1072
3590	1072
3591	1072
3592	1072
3593	1072
3594	1072
3595	1072
3596	1072
3597	1072
3598	1072
3599	1072
3600	1072
3601	1072
3602	1072
3603	1072
3604	1072
3556	1073
3557	1073
3558	1073
3559	1073
3560	1073
3561	1073
3575	1073
3576	1073
3577	1073
3578	1073
3579	1073
3580	1073
3581	1073
3582	1073
3583	1073
3584	1073
3585	1073
3586	1073
3587	1073
3588	1073
3589	1073
3590	1073
3591	1073
3592	1073
3593	1073
3594	1073
3595	1073
3596	1073
3597	1073
3598	1073
3599	1073
3600	1073
3601	1073
3602	1073
3556	1074
3557	1074
3558	1074
3559	1074
3560	1074
3556	1075
3557	1075
3558	1075
3555	1076
3556	1076